,title,danceability,energy,loudness,mode,speechiness,acousticness,instrumentalness,liveness,valence,tempo,key,time_signature,duration_sec,hit
0,God's Plan,0.754,0.449,-9.211,1,0.109,0.0332,8.290000000000001e-05,0.552,0.35700000000000004,77.169,7,4,198.97299999999998,1
1,Perfect,0.599,0.448,-6.312,1,0.0232,0.163,0.0,0.106,0.168,95.05,8,3,263.4,1
2,Meant to Be (feat. Florida Georgia Line),0.643,0.7829999999999999,-6.457999999999998,1,0.0856,0.047,0.0,0.083,0.579,154.084,10,4,163.87,1
3,Havana,0.765,0.523,-4.333,1,0.03,0.184,3.5600000000000005e-05,0.132,0.394,104.988,2,4,217.30700000000002,1
4,rockstar (feat. 21 Savage),0.5870000000000001,0.535,-6.09,0,0.0898,0.117,6.56e-05,0.131,0.14,159.847,5,4,218.14700000000002,1
5,SICKO MODE,0.8340000000000001,0.73,-3.714,1,0.222,0.00513,0.0,0.124,0.446,155.00799999999995,8,4,312.82,1
6,I Like It,0.816,0.726,-3.998,0,0.129,0.099,0.0,0.3720000000000001,0.65,136.048,5,4,253.39,1
7,The Middle,0.753,0.657,-3.0610000000000004,1,0.0449,0.171,0.0,0.112,0.4370000000000001,107.01,7,4,184.732,1
8,In My Feelings,0.835,0.626,-5.832999999999998,1,0.125,0.0589,6e-05,0.396,0.35,91.03,1,4,217.925,1
9,Girls Like You (feat. Cardi B),0.851,0.541,-6.825,1,0.0505,0.568,0.0,0.13,0.448,124.959,0,4,235.545,1
10,Nice For What,0.586,0.909,-6.474,1,0.0705,0.0891,0.000109,0.119,0.757,93.394,8,4,210.747,1
11,Lucid Dreams,0.511,0.5660000000000001,-7.23,0,0.2,0.349,0.0,0.34,0.218,83.90299999999998,6,4,239.83599999999998,1
12,Better Now,0.68,0.563,-5.843,1,0.0454,0.354,0.0,0.136,0.374,145.028,10,4,231.267,1
13,Finesse (Remix) [feat. Cardi B],0.7040000000000001,0.8590000000000001,-4.877,0,0.0996,0.0185,0.0,0.0215,0.926,105.115,5,4,217.28900000000002,1
14,Boo'd Up,0.561,0.779,-5.107,0,0.0531,0.0862,0.0,0.078,0.235,81.965,10,4,256.064,1
15,New Rules,0.762,0.7,-6.021,0,0.0694,0.0026100000000000003,1.56e-05,0.153,0.608,116.073,9,4,209.32,1
16,SAD!,0.74,0.613,-4.88,1,0.145,0.258,0.00372,0.123,0.473,75.023,8,4,166.606,1
17,Never Be the Same,0.637,0.713,-4.333,1,0.0747,0.181,0.000637,0.13699999999999998,0.243,129.923,0,4,226.97299999999998,1
18,Love Lies (with Normani),0.708,0.648,-5.626,1,0.0449,0.0956,0.0,0.134,0.338,143.955,6,4,201.707,1
19,no tears left to cry,0.6990000000000001,0.713,-5.5070000000000014,0,0.0594,0.04,3.11e-06,0.294,0.354,121.993,9,4,205.92,1
20,Mine,0.71,0.789,-3.874,1,0.0722,0.0161,2.77e-06,0.451,0.7170000000000001,142.929,4,4,131.064,1
21,Thunder,0.605,0.8220000000000001,-4.833,1,0.0438,0.00671,0.134,0.147,0.28800000000000003,167.997,0,4,187.14700000000002,1
22,Look Alive (feat. Drake),0.922,0.581,-7.495,1,0.27,0.00104,5.86e-05,0.105,0.595,140.02200000000002,10,4,181.263,1
23,Delicate,0.75,0.404,-10.178,0,0.0682,0.21600000000000005,0.000357,0.0911,0.0499,95.045,9,4,232.253,1
24,Yes Indeed,0.964,0.34600000000000003,-9.309,0,0.53,0.035,0.0,0.108,0.562,119.958,5,4,142.273,1
25,all my friends,0.713,0.62,-4.513,1,0.0422,0.171,1.16e-06,0.118,0.206,130.09,0,4,211.785,1
26,Bad At Love,0.675,0.7509999999999999,-3.539,1,0.0296,0.0604,0.0,0.0893,0.612,118.384,0,4,181.27900000000002,1
27,Taste (feat. Offset),0.884,0.5589999999999999,-7.442,1,0.12,0.0236,0.0,0.101,0.342,97.994,0,4,232.959,1
28,Let You Down,0.6559999999999999,0.721,-5.665,0,0.122,0.298,0.0,0.173,0.468,148.066,5,4,212.12,1
29,No Limit,0.838,0.7709999999999999,-3.791,1,0.244,0.0117,0.0,0.0853,0.405,175.957,1,4,245.387,1
30,"FEFE (feat. Nicki Minaj, Murda Beatz)",0.931,0.387,-9.127,1,0.412,0.08800000000000001,0.0,0.136,0.376,125.978,1,4,179.405,1
31,Tequila,0.474,0.594,-5.756,1,0.0289,0.0292,0.0,0.133,0.503,86.131,11,4,195.987,1
32,Feel It Still,0.8009999999999999,0.795,-5.115,0,0.0504,0.0417,0.000113,0.0717,0.754,79.028,1,4,163.253,1
33,MotorSport,0.8959999999999999,0.515,-5.395,1,0.183,0.0338,0.0,0.317,0.174,138.016,2,4,303.077,1
34,I Like Me Better,0.752,0.505,-7.621,1,0.253,0.535,2.55e-06,0.104,0.419,91.97,9,4,197.437,1
35,Youngblood,0.596,0.8540000000000001,-5.114,0,0.463,0.0169,0.0,0.124,0.152,120.274,7,4,203.418,1
36,Whatever It Takes,0.672,0.655,-5.021,0,0.0311,0.0362,0.0,0.117,0.556,134.945,10,4,201.24,1
37,Ric Flair Drip (& Metro Boomin),0.88,0.428,-8.28,1,0.206,0.149,5.07e-05,0.114,0.333,100.007,9,4,172.8,1
38,I Fall Apart,0.556,0.5379999999999999,-5.408,0,0.0382,0.0689,0.0,0.196,0.29100000000000004,143.95,8,4,223.347,1
39,Pray For Me (with Kendrick Lamar),0.735,0.677,-4.979,1,0.093,0.0762,2.17e-05,0.111,0.188,100.584,2,4,211.44,1
40,Back To You - From 13 Reasons Why – Season 2 Soundtrack,0.601,0.7240000000000001,-4.856,1,0.0486,0.0945,1.68e-06,0.12,0.508,102.061,6,4,207.905,1
41,Walk It Talk It,0.909,0.628,-5.456,1,0.201,0.0739,0.0,0.108,0.406,145.905,2,4,276.147,1
42,Gucci Gang,0.936,0.523,-6.71,1,0.0597,0.239,0.0,0.117,0.6990000000000001,119.889,5,4,124.056,1
43,Him & I (with Halsey),0.589,0.731,-6.343,1,0.0868,0.0534,0.0,0.308,0.191,87.90799999999999,2,4,268.867,1
44,In My Blood,0.622,0.7120000000000001,-7.3210000000000015,1,0.066,0.0573,0.0,0.13,0.487,140.025,5,4,211.36,1
45,All The Stars (with SZA),0.698,0.633,-4.9460000000000015,1,0.0597,0.0605,0.000194,0.0926,0.552,96.924,8,4,232.187,1
46,Stir Fry,0.815,0.816,-5.474,1,0.269,0.00299,0.0,0.159,0.498,181.967,2,4,190.28799999999998,1
47,Too Good At Goodbyes,0.6609999999999999,0.373,-8.249,1,0.0505,0.615,0.0,0.177,0.523,91.5,5,4,201.0,1
48,Fuck Love (feat. Trippie Redd),0.797,0.5329999999999999,-9.74,0,0.0412,0.0172,0.000152,0.103,0.329,131.036,0,4,146.52,1
49,This Is America,0.8540000000000001,0.463,-6.159,1,0.13699999999999998,0.117,0.0,0.354,0.5489999999999999,120.024,5,4,225.773,1
50,Nonstop,0.912,0.412,-8.074,1,0.124,0.0164,0.013,0.104,0.422,154.983,7,4,238.614,1
51,Heaven,0.677,0.556,-6.544,1,0.0306,0.263,0.0,0.105,0.521,80.009,9,4,179.507,1
52,Bodak Yellow (Money Moves) - Instrumental Version,0.736,0.762,-7.3,1,0.0468,0.171,0.825,0.219,0.91,125.014,9,4,218.581,1
53,Freaky Friday (feat. Chris Brown),0.755,0.599,-5.042,1,0.224,0.147,0.0,0.109,0.755,133.123,8,4,216.632,1
54,GUMMO,0.66,0.775,-4.926,1,0.172,0.0553,0.0,0.129,0.635,157.036,2,4,157.643,1
55,Plug Walk,0.8759999999999999,0.519,-6.5310000000000015,1,0.14300000000000002,0.202,0.0,0.108,0.158,94.981,11,4,175.23,1
56,Wait,0.655,0.603,-5.0139999999999985,1,0.0555,0.0959,0.0,0.107,0.452,126.088,8,4,190.643,1
57,Be Careful,0.82,0.568,-8.23,0,0.411,0.0256,0.0,0.0952,0.535,152.279,6,4,210.787,1
58,Wolves,0.72,0.807,-4.59,0,0.0432,0.129,0.0,0.183,0.305,124.946,11,4,197.993,1
59,Bartier Cardi (feat. 21 Savage),0.908,0.524,-7.955,1,0.181,0.00111,0.000678,0.383,0.109,138.015,1,4,224.285,1
60,God is a woman,0.602,0.6579999999999999,-5.934,1,0.0558,0.0233,6e-05,0.237,0.268,145.031,1,4,197.547,1
61,"BIG BANK (feat. 2 Chainz, Big Sean, Nicki Minaj)",0.745,0.34600000000000003,-7.709,1,0.331,0.005520000000000001,0.0,0.0881,0.112,203.911,1,4,237.24,1
62,Sorry Not Sorry,0.7020000000000001,0.635,-6.917000000000002,0,0.265,0.0223,0.0,0.28300000000000003,0.873,144.004,11,4,203.76,1
63,How Long,0.845,0.561,-5.252999999999999,0,0.0778,0.211,3.49e-06,0.0383,0.8109999999999999,109.974,1,4,200.85299999999998,1
64,Lights Down Low,0.623,0.493,-7.727,0,0.0338,0.0632,0.0,0.104,0.594,81.01899999999998,5,4,223.847,1
65,Young Dumb & Broke,0.7979999999999999,0.539,-6.351,1,0.0421,0.199,1.66e-05,0.165,0.394,136.94899999999998,1,4,202.547,1
66,One Kiss (with Dua Lipa),0.7909999999999999,0.862,-3.24,0,0.11,0.037000000000000005,2.19e-05,0.0814,0.5920000000000001,123.994,9,4,214.847,1
67,Natural,0.7040000000000001,0.611,-6.112,1,0.0409,0.217,0.0,0.0812,0.22,100.0,2,4,189.467,1
68,You Make It Easy,0.375,0.574,-5.305,1,0.0315,0.14300000000000002,0.0,0.11,0.406,132.025,7,3,196.8,1
69,Shape of You,0.825,0.652,-3.1830000000000003,0,0.0802,0.581,0.0,0.0931,0.931,95.977,1,4,233.713,1
70,I Get The Bag (feat. Migos),0.89,0.633,-5.475,1,0.168,0.0232,0.000343,0.0993,0.425,139.94799999999998,11,4,233.08700000000002,1
71,No Brainer,0.552,0.76,-4.706,1,0.342,0.0733,0.0,0.0865,0.639,135.702,0,5,260.0,1
72,Plain Jane,0.797,0.8440000000000001,-5.482,1,0.275,0.0651,0.0,0.087,0.52,170.142,11,4,173.6,1
73,Sky Walker (feat. Travis Scott),0.674,0.506,-10.532,1,0.0434,0.173,0.0,0.0866,0.183,145.965,6,4,259.33299999999997,1
74,Marry Me,0.588,0.408,-8.662,1,0.0237,0.113,0.0,0.13,0.484,85.008,3,4,205.453,1
75,Eastside (with Halsey & Khalid),0.56,0.68,-7.648,0,0.321,0.555,0.0,0.116,0.319,89.391,6,4,173.8,1
76,Call Out My Name,0.449,0.599,-4.892,1,0.0369,0.211,0.0,0.327,0.165,134.144,1,3,228.373,1
77,"King's Dead (with Kendrick Lamar, Future & James Blake)",0.563,0.7170000000000001,-5.186,1,0.337,0.000874,0.0,0.183,0.4270000000000001,82.064,1,4,229.67,1
78,Happier,0.687,0.792,-2.749,1,0.0452,0.191,0.0,0.16699999999999998,0.6709999999999999,100.015,5,4,214.29,1
79,Te Boté - Remix,0.903,0.675,-3.445,0,0.214,0.542,1.28e-05,0.0595,0.442,96.507,11,4,417.92,1
80,Simple,0.375,0.889,-3.704,1,0.0991,0.0848,0.0,0.136,0.8809999999999999,199.669,3,4,185.2,1
81,Lemon,0.916,0.727,-6.556,1,0.0861,0.00214,0.000145,0.118,0.201,94.997,1,4,219.707,1
82,1-800-273-8255,0.62,0.574,-7.7879999999999985,0,0.0479,0.57,0.0,0.19,0.35200000000000004,100.021,5,4,250.173,1
83,Say Something,0.407,0.147,-8.822000000000003,1,0.0355,0.857,2.89e-06,0.0913,0.0765,141.284,2,3,229.4,1
84,I'm Upset,0.899,0.586,-7.866,0,0.344,0.279,0.0,0.0836,0.4920000000000001,150.001,11,4,214.467,1
85,Get Along,0.632,0.804,-6.109,1,0.0503,0.101,0.0,0.17,0.35,92.456,7,4,199.625,1
86,Moonlight,0.921,0.537,-5.723,0,0.0804,0.556,0.00404,0.102,0.711,128.009,9,4,135.09,1
87,What Lovers Do (feat. SZA),0.799,0.597,-5.131,0,0.0611,0.0788,5.66e-06,0.1,0.419,110.001,5,4,199.84900000000002,1
88,X,0.595,0.773,-4.7360000000000015,0,0.0549,0.0364,0.00108,0.334,0.711,180.07299999999995,9,4,173.628,1
89,Outside Today,0.851,0.6659999999999999,-5.334,0,0.0694,0.139,0.0,0.105,0.0585,134.06799999999998,11,4,129.105,1
90,Trip,0.477,0.61,-5.627999999999999,0,0.14400000000000002,0.225,0.0,0.107,0.358,79.882,11,4,213.993,1
91,Dura,0.7909999999999999,0.848,-3.4560000000000004,1,0.0506,0.183,0.0,0.409,0.828,95.0,1,4,200.48,1
92,changes,0.669,0.308,-10.068,1,0.029,0.883,0.0,0.0984,0.52,64.934,11,4,121.887,1
93,Mercy,0.638,0.3670000000000001,-7.9060000000000015,1,0.0266,0.84,0.0,0.0999,0.219,71.957,4,4,217.12,1
94,One Number Away,0.544,0.7809999999999999,-6.16,0,0.0311,0.00585,0.0,0.191,0.527,144.075,6,4,221.8,1
95,Powerglide (feat. Juicy J) - From SR3MM,0.713,0.831,-4.75,0,0.15,0.0168,0.0,0.118,0.584,173.94799999999995,1,4,332.301,1
96,IDGAF,0.836,0.544,-5.975,1,0.0943,0.0403,0.0,0.0824,0.51,97.028,7,4,217.947,1
97,Mi Gente,0.774,0.687,-4.8180000000000005,0,0.0584,0.0179,1.17e-05,0.128,0.308,104.959,11,4,189.44,1
98,Believer,0.7759999999999999,0.78,-4.374,0,0.128,0.0622,0.0,0.081,0.6659999999999999,124.949,10,4,204.347,1
0,Thrift Shop (feat. Wanz),0.7809999999999999,0.526,-6.985,0,0.293,0.0619,0.0,0.0457,0.662,94.992,6,4,235.613,1
1,Blurred Lines,0.862,0.608,-4.762,1,0.0402,0.00373,6.14e-06,0.0856,0.836,120.002,7,4,263.827,1
2,Radioactive,0.448,0.784,-3.686,1,0.0627,0.106,0.000108,0.6679999999999999,0.236,136.245,9,4,186.813,1
3,Harlem Shake,0.452,0.794,-5.151,1,0.0483,0.0111,0.00182,0.416,0.282,137.825,0,4,196.66400000000002,1
4,Can't Hold Us - feat. Ray Dalton,0.6409999999999999,0.922,-4.457,1,0.0786,0.0291,0.0,0.0862,0.847,146.078,2,4,258.343,1
5,Mirrors,0.574,0.512,-6.664,0,0.0503,0.234,0.0,0.0946,0.512,76.899,5,4,484.147,1
6,Just Give Me a Reason (feat. Nate Ruess),0.778,0.547,-7.273,1,0.0489,0.34600000000000003,0.000302,0.132,0.441,95.002,2,4,242.733,1
7,When I Was Your Man,0.612,0.28,-8.648,1,0.0434,0.932,0.0,0.08800000000000001,0.387,72.795,0,4,213.827,1
8,Cruise,0.457,0.948,-3.364,1,0.0354,0.0191,0.0,0.0536,0.878,148.0,10,4,208.96,1
9,Roar,0.5539999999999999,0.772,-4.8210000000000015,0,0.0418,0.00487,6.6e-06,0.354,0.455,179.984,7,4,223.546,1
10,Locked Out Of Heaven,0.726,0.698,-4.165,1,0.0431,0.049,0.0,0.309,0.867,143.994,5,4,233.47799999999998,1
11,Ho Hey,0.685,0.466,-9.074,1,0.0304,0.794,2.06e-06,0.0915,0.353,79.936,0,4,163.13299999999998,1
12,Stay,0.479,0.468,-5.396,1,0.0274,0.414,0.0,0.14800000000000002,0.35,85.913,5,4,204.42700000000002,1
13,Get Lucky,0.81,0.7929999999999999,-9.404,0,0.0403,0.0378,1.82e-06,0.07200000000000001,0.863,116.049,6,4,369.62699999999995,1
14,Royals,0.616,0.4320000000000001,-9.546,1,0.133,0.106,0.0,0.132,0.302,84.77799999999998,7,4,190.185,1
15,I Knew You Were Trouble.,0.596,0.473,-6.745,1,0.039,0.00563,1.29e-06,0.043,0.648,154.22799999999995,6,4,217.97299999999998,1
16,We Can't Stop,0.613,0.622,-5.794,0,0.0334,0.00882,0.0,0.37,0.484,80.003,1,4,231.24,1
17,Wrecking Ball,0.53,0.422,-6.2620000000000005,1,0.0342,0.407,0.0,0.107,0.349,119.964,5,4,221.36,1
18,Wake Me Up,0.518,0.784,-5.659,1,0.0524,0.00346,0.00187,0.171,0.588,124.102,2,4,247.42700000000002,1
19,Suit & Tie,0.795,0.596,-3.799,0,0.219,0.103,0.0,0.16399999999999998,0.35700000000000004,101.985,11,4,326.28,1
20,Cups (Pitch Perfect’s “When I’m Gone”) - Pop Version,0.871,0.442,-8.766,1,0.0958,0.052000000000000005,0.008190000000000001,0.0381,0.769,129.964,0,4,128.013,1
21,Holy Grail,0.735,0.484,-5.322,0,0.0513,0.263,0.0,0.364,0.0616,145.069,2,4,238.989,1
22,Scream & Shout,0.772,0.685,-6.849,1,0.0696,0.019,8.96e-05,0.131,0.501,130.033,5,4,283.4,1
23,Clarity,0.509,0.7809999999999999,-3.48,1,0.07200000000000001,0.0398,0.0,0.0749,0.17600000000000002,128.0,8,4,271.427,1
24,Sail,0.825,0.435,-9.582,1,0.0568,0.452,0.609,0.0953,0.243,119.038,1,4,259.10200000000003,1
25,Don't You Worry Child - Radio Edit,0.612,0.84,-3.145,0,0.0509,0.112,0.0,0.116,0.438,129.042,11,4,212.862,1
26,Diamonds or Twine,0.621,0.568,-8.795,1,0.0311,0.145,1.65e-06,0.108,0.7240000000000001,148.047,2,4,211.085,1
27,I Love It (& Lil Pump),0.901,0.522,-8.304,1,0.33,0.0114,0.0,0.259,0.329,104.053,2,4,127.947,1
28,Safe And Sound,0.6559999999999999,0.821,-4.838,1,0.0325,0.000194,0.00232,0.101,0.7909999999999999,117.948,0,5,192.79,1
29,Treasure,0.8740000000000001,0.6920000000000001,-5.28,0,0.0431,0.0412,7.240000000000001e-05,0.324,0.937,116.017,5,4,178.56,1
30,The Way Life Goes (feat. Oh Wonder),0.703,0.757,-3.612,1,0.05,0.617,0.0,0.106,0.696,82.008,1,4,221.747,1
31,Started From the Bottom,0.794,0.522,-7.829,1,0.159,0.0328,0.0,0.156,0.5670000000000001,86.318,8,4,174.13299999999998,1
32,Come And Get It,0.565,0.987,-4.012,1,0.0698,0.000146,5.81e-06,0.392,0.413,107.954,4,4,181.42700000000002,1
33,"Hold On, We're Going Home",0.7759999999999999,0.413,-7.438,0,0.0952,0.00415,2.68e-05,0.0724,0.287,100.003,6,4,227.88,1
34,Daylight,0.363,0.802,-4.881,1,0.0394,0.0976,0.000356,0.16699999999999998,0.65,101.31,9,4,171.333,1
35,Feel This Moment,0.6729999999999999,0.758,-3.632,1,0.158,0.039,0.0,0.341,0.542,135.95600000000002,7,4,229.507,1
36,Applause,0.669,0.78,-4.287,0,0.053,0.0265,1.63e-06,0.14300000000000002,0.738,139.945,7,4,212.333,1
37,One More Night,0.71,0.8,-3.439,0,0.0339,0.0563,0.0,0.0834,0.635,93.01,5,4,219.467,1
38,Let Me Love You,0.6559999999999999,0.578,-8.97,0,0.0922,0.235,0.0,0.118,0.556,94.514,7,4,256.733,1
39,My Songs Know What You Did In The Dark (Light Em Up),0.5579999999999999,0.924,-4.341,0,0.064,0.0271,3.32e-06,0.537,0.5670000000000001,151.99,9,4,186.827,1
40,"F**kin' Problems (feat. Drake, 2 Chainz & Kendrick Lamar)",0.8690000000000001,0.687,-6.816,1,0.263,0.0208,1e-06,0.114,0.6679999999999999,96.006,1,4,233.787,1
41,Beauty And A Beat,0.601,0.843,-4.87,1,0.0593,0.000704,5.27e-05,0.0681,0.534,128.002,0,4,227.987,1
42,Same Old Love,0.672,0.593,-4.01,0,0.0304,0.0223,0.0,0.214,0.438,98.02,11,4,229.08,1
43,Sweet Nothing (feat. Florence Welch),0.573,0.929,-3.942,0,0.109,0.197,0.000112,0.0567,0.5820000000000001,127.934,8,4,212.56,1
44,Summertime Sadness,0.565,0.654,-6.8260000000000005,0,0.0335,0.0542,1.8e-06,0.122,0.235,111.968,1,4,265.427,1
45,Home,0.604,0.736,-5.596,0,0.0555,0.00608,0.109,0.11,0.345,118.012,10,4,211.36,1
46,It's the Most Wonderful Time of the Year,0.24,0.598,-8.435,1,0.037000000000000005,0.7659999999999999,0.0,0.117,0.7759999999999999,202.082,7,3,151.933,1
47,Power Trip,0.667,0.61,-7.0539999999999985,1,0.217,0.322,0.000203,0.426,0.465,99.991,1,4,241.16,1
48,Girl On Fire,0.482,0.706,-5.7620000000000005,1,0.0609,0.135,0.00106,0.105,0.14400000000000002,92.494,9,4,224.92,1
49,Heart Attack,0.504,0.785,-4.802,1,0.104,0.0738,0.0,0.239,0.502,173.968,8,4,210.84,1
50,Somebody To Love - Remastered 2011,0.4920000000000001,0.6759999999999999,-6.8610000000000015,1,0.0516,0.172,0.0,0.239,0.412,110.232,8,3,296.493,1
51,I Will Wait,0.481,0.7659999999999999,-5.207999999999998,1,0.0334,0.0103,0.0067,0.302,0.436,131.143,1,4,276.72,1
52,Try Me,0.466,0.672,-5.777,0,0.068,0.622,0.00108,0.147,0.108,91.673,8,4,221.107,1
53,Wagon Wheel,0.529,0.6629999999999999,-7.138,1,0.0306,0.456,0.0,0.142,0.5920000000000001,148.102,9,4,298.4,1
54,Gangnam Style (강남스타일),0.736,0.939,-2.812,0,0.284,0.0055,0.0,0.0905,0.7609999999999999,132.07,11,4,219.493,1
55,I Need Your Love (feat. Ellie Goulding),0.695,0.8690000000000001,-5.066,1,0.0483,0.41,0.0,0.237,0.58,124.989,8,4,234.507,1
56,Die Young,0.688,0.642,-5.567,0,0.321,0.221,0.0,0.2,0.341,160.319,4,4,161.129,1
57,Some Nights,0.672,0.738,-7.045,1,0.0506,0.0178,6.75e-05,0.0927,0.392,107.938,0,4,277.04,1
58,Going Bad (feat. Drake),0.889,0.496,-6.365,0,0.0905,0.259,0.0,0.252,0.544,86.00299999999999,4,4,180.52200000000002,1
59,Boys 'Round Here (feat. Pistol Annies & Friends),0.611,0.688,-6.369,1,0.0529,0.251,2.35e-06,0.248,0.649,169.895,2,4,288.76,1
60,Since U Been Gone,0.662,0.741,-5.4060000000000015,1,0.0334,0.00165,0.0303,0.114,0.404,131.0,0,4,188.96,1
61,Demons and Angels (feat. Juice WRLD),0.81,0.55,-7.46,0,0.17,0.0114,5.69e-06,0.107,0.183,76.503,2,4,214.593,1
62,Counting Stars,0.664,0.705,-4.972,0,0.0382,0.0654,0.0,0.115,0.477,122.017,1,4,257.84,1
63,Before I Cry,0.48,0.56,-5.1960000000000015,1,0.0373,0.157,0.0,0.168,0.16699999999999998,146.41,2,3,258.547,1
64,Little Talks,0.46,0.7859999999999999,-5.238,1,0.038,0.0215,0.0,0.133,0.408,103.192,1,4,266.6,1
65,The Other Side,0.638,0.795,-8.45,1,0.302,0.00433,0.00139,0.153,0.31,153.99,0,4,214.373,1
66,Berzerk,0.7390000000000001,0.872,-4.059,0,0.333,0.0217,0.0,0.26,0.684,95.084,11,4,238.74599999999998,1
67,Catch My Breath,0.6920000000000001,0.908,-5.364,1,0.0677,0.0251,0.0,0.0933,0.513,124.042,9,4,250.387,1
68,Play It Again,0.51,0.898,-3.15,1,0.0696,0.0832,0.0,0.071,0.596,144.056,11,4,226.86700000000002,1
69,Pour It Up,0.782,0.495,-8.722999999999999,1,0.0436,0.021,0.0,0.104,0.365,134.016,2,4,161.2,1
70,22,0.664,0.7390000000000001,-6.539,1,0.0377,0.0027,0.00273,0.0742,0.703,104.012,7,4,230.13299999999998,1
71,I Want Crazy - Encore,0.562,0.878,-4.806,1,0.0387,0.0539,0.0,0.112,0.5579999999999999,103.029,8,4,236.865,1
72,Fox On The Run,0.523,0.762,-8.669,1,0.0346,0.0308,0.0,0.0675,0.8809999999999999,128.064,4,4,205.733,1
73,Best Song Ever,0.652,0.877,-2.986,1,0.0465,0.0227,0.0,0.0789,0.486,118.491,1,4,200.107,1
74,The A Team,0.642,0.289,-9.918,1,0.0367,0.669,0.0,0.18,0.407,84.99600000000002,9,4,258.373,1
75,Carry On,0.735,0.197,-13.378,0,0.537,0.768,0.000276,0.29600000000000004,0.383,147.899,3,4,129.72,1
76,Highway Don't Care,0.47,0.79,-5.352,1,0.039,0.0216,0.0,0.0863,0.495,158.061,2,4,276.88,1
77,That's My Kind Of Night,0.66,0.754,-2.84,0,0.051,0.0626,0.0,0.1,0.899,110.02,4,4,190.187,1
78,Swimming Pools (Drank),0.5770000000000001,0.447,-5.892,1,0.277,0.00627,0.00022,0.0899,0.189,74.236,8,4,247.8,1
79,Sure Be Cool If You Did,0.5760000000000001,0.726,-4.625,1,0.035,0.255,0.0,0.108,0.5820000000000001,136.80200000000002,11,4,215.72,1
80,Beautiful (feat. Camila Cabello),0.638,0.7170000000000001,-4.722,1,0.0337,0.34600000000000003,0.0,0.105,0.249,100.027,2,4,180.0,1
81,Troublemaker (feat. Flo Rida),0.7609999999999999,0.856,-3.65,0,0.0731,0.02,0.0,0.149,0.967,106.009,0,4,185.2,1
82,Body Party,0.5770000000000001,0.5760000000000001,-6.299,1,0.0563,0.0143,0.0,0.602,0.12,133.97299999999998,2,4,234.04,1
83,Adorn,0.625,0.5760000000000001,-5.693,0,0.175,0.0543,4.07e-05,0.187,0.235,179.063,11,4,193.14700000000002,1
84,Hall of Fame,0.421,0.873,-4.343,1,0.0565,0.0653,0.0,0.123,0.63,84.803,10,4,202.533,1
85,Let Me Love You (Until You Learn To Love Yourself),0.491,0.6759999999999999,-6.631,1,0.0403,0.262,0.0,0.499,0.278,124.852,5,4,251.627,1
86,"U.O.E.N.O. (feat. Rick Ross, Future)",0.422,0.6409999999999999,-4.947,0,0.32299999999999995,0.422,0.0,0.317,0.654,187.027,10,3,260.276,1
87,Sit Next to Me,0.638,0.738,-4.976,0,0.0292,0.117,0.000384,0.6890000000000001,0.657,97.021,6,4,243.14700000000002,1
88,Mama's Broken Heart,0.768,0.809,-4.204,0,0.0616,0.278,0.0,0.139,0.748,111.989,4,4,177.773,1
89,It Goes Like This,0.5429999999999999,0.8370000000000001,-6.448,1,0.0608,0.117,0.0,0.0872,0.506,168.05599999999995,11,4,186.08,1
90,Bugatti,0.607,0.589,-4.9289999999999985,1,0.0542,0.0168,0.0,0.0855,0.069,130.431,1,4,269.267,1
91,Wanted You (feat. Lil Uzi Vert),0.7929999999999999,0.718,-4.966,0,0.0547,0.168,0.0,0.241,0.649,146.885,9,4,228.08,1
92,Downtown,0.775,0.679,-4.985,0,0.135,0.18,7.26e-05,0.068,0.619,166.00799999999995,4,4,193.456,1
93,Get Your Shine On,0.4970000000000001,0.927,-4.52,1,0.0371,0.00286,1.26e-06,0.413,0.607,96.991,0,4,222.013,1
94,#thatPOWER,0.797,0.608,-6.096,0,0.0583,0.00112,7.659999999999999e-05,0.0748,0.403,128.0,6,4,279.507,1
95,Brave,0.551,0.836,-3.838,0,0.0524,0.00502,2.1e-05,0.0425,0.758,185.063,10,4,220.57299999999998,1
96,Let Her Go,0.479,0.545,-7.346,1,0.0688,0.365,0.0,0.0963,0.244,74.89699999999998,7,4,252.733,1
97,Runnin' Outta Moonlight,0.526,0.8009999999999999,-3.717,1,0.0393,0.0354,3.17e-06,0.0637,0.769,172.024,2,4,193.773,1
98,I'm Different,0.936,0.7020000000000001,-5.305,1,0.0615,0.0473,0.0,0.0838,0.7040000000000001,97.524,10,4,207.04,1
99,Still Into You,0.602,0.923,-3.763,1,0.044,0.0098,0.0,0.0561,0.765,136.01,5,4,216.013,1
0,All Time Low,0.584,0.569,-4.259,1,0.166,0.0508,0.0,0.0924,0.501,89.779,0,4,217.60299999999998,1
1,Bleeding Love,0.638,0.6559999999999999,-5.886,1,0.0357,0.188,0.0,0.146,0.225,104.036,5,4,262.467,1
2,No One Compares To You,0.703,0.748,-6.0470000000000015,1,0.0435,0.123,0.0,0.0642,0.625,111.943,1,4,184.08,1
3,Lollipop,0.828,0.433,-9.716,1,0.199,0.0656,0.0008759999999999999,0.122,0.44,148.07299999999995,0,4,299.33299999999997,1
4,Apologize,0.591,0.718,-6.025,1,0.0368,0.348,0.000118,0.107,0.468,117.995,8,4,208.107,1
5,No Air (feat. Chris Brown),0.466,0.759,-4.978,0,0.199,0.0521,0.0,0.0587,0.328,160.033,8,4,264.373,1
6,Another Sad Love Song,0.8340000000000001,0.472,-7.777,0,0.0873,0.412,6.759999999999999e-05,0.0836,0.517,107.014,5,4,244.747,1
7,Love in This Club (feat. Young Jeezy),0.573,0.7120000000000001,-5.976,1,0.0732,0.0572,0.0,0.16699999999999998,0.34600000000000003,140.012,0,4,259.72,1
8,Home with You,0.631,0.599,-6.1370000000000005,0,0.0878,0.067,0.0,0.0952,0.727,170.122,7,4,190.576,1
9,Forever,0.544,0.92,-1.474,0,0.277,0.244,0.0,0.19,0.519,105.307,5,5,357.347,1
10,Sexy Can I feat. Yung Berg,0.575,0.684,-6.0070000000000014,1,0.325,0.299,0.0,0.614,0.926,172.155,1,4,204.04,1
11,Take A Bow,0.6970000000000001,0.467,-7.536,1,0.0715,0.248,0.0,0.0941,0.5720000000000001,82.081,9,4,229.41299999999998,1
12,Viva La Vida,0.485,0.619,-7.115,0,0.0289,0.0941,3.31e-06,0.109,0.416,138.017,5,4,242.373,1
13,I Kissed A Girl,0.6990000000000001,0.76,-3.173,1,0.0677,0.00223,0.0,0.132,0.696,129.996,5,4,179.64,1
14,Whatever You Like,0.68,0.687,-6.162000000000001,0,0.0709,0.0161,0.0,0.261,0.467,150.053,9,4,249.533,1
15,Disturbia,0.7070000000000001,0.813,-4.515,0,0.0571,0.0863,0.0,0.168,0.722,124.921,11,4,238.627,1
16,Don't Stop The Music,0.835,0.669,-5.582000000000002,0,0.0643,0.0336,6.92e-05,0.0535,0.542,122.668,6,4,267.08,1
17,Pocketful of Sunshine,0.721,0.88,-3.896,0,0.0454,0.191,0.0,0.0769,0.655,110.021,9,4,202.907,1
18,Kiss and Make Up,0.6779999999999999,0.7290000000000001,-4.188,1,0.13699999999999998,0.0658,0.0,0.303,0.643,99.895,8,4,189.173,1
19,Closer,0.748,0.524,-5.599,1,0.0338,0.414,0.0,0.111,0.6609999999999999,95.01,8,4,244.96,1
20,Bubbly,0.664,0.491,-6.544,1,0.042,0.594,0.0,0.11,0.24,127.97,9,4,196.28,1
21,Touch My Body,0.716,0.6659999999999999,-7.7189999999999985,0,0.0539,0.129,0.0,0.25,0.8640000000000001,78.498,4,4,204.733,1
22,4 Minutes (feat. Justin Timberlake & Timbaland),0.753,0.931,-4.922,1,0.0652,0.00994,0.006959999999999999,0.234,0.767,113.029,2,4,189.69299999999998,1
23,what are you so afraid of,0.639,0.312,-9.902,1,0.0301,0.774,0.469,0.0857,0.34700000000000003,103.369,0,4,150.769,1
24,Paralyzer,0.645,0.941,-3.425,0,0.0448,0.16899999999999998,0.0,0.251,0.8809999999999999,106.015,4,4,208.107,1
25,Clumsy,0.728,0.5820000000000001,-4.141,1,0.158,0.196,0.0006320000000000001,0.304,0.417,184.045,2,4,240.42700000000002,1
26,I'm Yours,0.6859999999999999,0.457,-8.322000000000001,1,0.0468,0.595,0.0,0.105,0.718,150.953,11,4,242.187,1
27,Leavin',0.693,0.7090000000000001,-5.787000000000001,1,0.0608,0.0352,3.4e-06,0.0688,0.889,79.237,9,4,216.88,1
28,Armed And Dangerous,0.736,0.67,-6.702000000000001,1,0.311,0.18600000000000005,0.0,0.114,0.845,130.032,10,4,169.99900000000002,1
29,Start Me Up - Remastered,0.638,0.928,-4.078,1,0.0388,0.0531,0.11,0.0875,0.966,122.428,5,4,213.067,1
30,See You Again,0.5579999999999999,0.5589999999999999,-9.222,1,0.0959,0.371,7.49e-06,0.109,0.62,78.558,6,4,180.387,1
31,Shake It Up,0.7759999999999999,0.608,-6.478,0,0.104,0.128,0.0,0.0932,0.402,156.025,10,4,116.681,1
32,Stop And Stare,0.49,0.8490000000000001,-4.234,1,0.035,0.0593,0.0,0.08199999999999999,0.303,92.494,4,4,223.85299999999998,1
33,I'll Take You There,0.8440000000000001,0.597,-8.618,1,0.0482,0.097,0.0,0.0777,0.795,101.674,0,4,196.827,1
34,Paper Planes,0.457,0.8540000000000001,-6.2,1,0.265,0.0277,9.62e-05,0.731,0.485,172.231,2,4,203.76,1
35,Hot N Cold,0.706,0.841,-3.956,1,0.0418,7.950000000000001e-05,0.0,0.0688,0.861,132.032,7,4,220.227,1
36,Live Your Life (feat. Rihanna),0.375,0.862,-3.363,0,0.255,0.071,0.0,0.211,0.478,159.841,11,4,338.853,1
37,Bust It Baby Part 2 (feat. Ne-Yo ),0.648,0.8009999999999999,-7.24,0,0.16699999999999998,0.154,0.0,0.339,0.807,78.946,5,4,240.76,1
38,American Boy,0.727,0.7290000000000001,-2.99,1,0.326,0.171,0.0,0.07,0.512,117.932,0,4,284.733,1
39,Got Money,0.442,0.638,-5.053,1,0.26,0.00199,0.0,0.6459999999999999,0.706,82.206,7,4,244.627,1
40,Our Song,0.5429999999999999,0.6859999999999999,-4.751,1,0.0357,0.114,0.0,0.335,0.555,177.87400000000005,2,4,201.107,1
41,Damaged,0.774,0.653,-5.158,0,0.05,0.0912,0.0,0.151,0.818,120.01,8,4,244.267,1
42,A Milli,0.679,0.684,-8.559,1,0.278,0.0527,0.000895,0.177,0.755,151.748,6,4,221.84,1
43,Sorry Not Sorry,0.7020000000000001,0.635,-6.917000000000002,0,0.265,0.0223,0.0,0.28300000000000003,0.873,144.004,11,4,203.76,1
44,Miss Independent,0.6729999999999999,0.6829999999999999,-5.693,1,0.115,0.522,0.0,0.235,0.713,171.86,1,4,232.0,1
45,Can't Believe It,0.578,0.546,-8.149,0,0.0552,0.0024,0.0,0.0908,0.0819,120.818,10,5,275.933,1
46,Like You'll Never See Me Again,0.562,0.6579999999999999,-8.072000000000001,1,0.0314,0.174,0.000285,0.102,0.268,127.81,7,4,315.36,1
47,Teardrops On My Guitar - Radio Single Remix,0.617,0.422,-6.794,1,0.0239,0.303,0.0,0.123,0.264,99.966,10,4,203.04,1
48,When I Grow Up (feat. Wiz Khalifa),0.642,0.655,-5.222,0,0.0489,0.0268,0.0,0.112,0.156,80.997,1,4,195.507,1
49,Sensual Seduction,0.7559999999999999,0.8340000000000001,-4.005,1,0.077,0.00446,2.7600000000000007e-05,0.0645,0.465,120.214,11,4,245.52,1
50,Don't Know What You Got (Till It's Gone),0.36,0.527,-9.883,1,0.0289,0.229,0.000792,0.0536,0.247,132.639,9,4,354.64,1
51,It's Not My Time,0.532,0.935,-4.798,1,0.0619,0.00133,8.37e-06,0.106,0.309,128.025,0,4,241.96,1
52,Better in Time,0.584,0.7,-4.251,1,0.0506,0.512,2.43e-05,0.13,0.5489999999999999,163.953,6,4,234.173,1
53,Crank That (Soulja Boy),0.732,0.7240000000000001,-2.104,1,0.101,0.511,0.0,0.0491,0.8079999999999999,140.13,0,4,221.933,1
54,Shadow Of The Day,0.534,0.393,-7.813,1,0.0292,0.00479,0.0107,0.107,0.0641,110.007,11,4,290.36,1
55,Sweetest Girl (Dollar Bill),0.733,0.7440000000000001,-3.51,1,0.0553,0.0772,0.0,0.341,0.529,92.515,1,4,241.13299999999998,1
56,Fall For You,0.387,0.442,-7.086,1,0.0352,0.19,0.0,0.0788,0.382,169.481,0,4,185.6,1
57,In the Ayer (feat. will.I.am),0.83,0.746,-6.2860000000000005,0,0.0579,0.00456,0.0,0.26,0.6459999999999999,125.992,5,4,220.507,1
58,CAN'T SAY,0.7020000000000001,0.708,-5.3660000000000005,0,0.0547,0.201,0.0,0.118,0.713,147.98,10,4,198.408,1
59,I Just Want To Dance With You,0.7190000000000001,0.464,-8.562999999999999,1,0.0276,0.454,9.1e-05,0.102,0.531,113.955,0,4,210.86700000000002,1
60,Hate That I Love You,0.637,0.73,-5.38,0,0.0874,0.32299999999999995,0.0,0.0981,0.732,93.867,5,4,218.947,1
61,Superstar (feat. Matthew Santos),0.5720000000000001,0.8220000000000001,-6.015,0,0.361,0.207,0.0,0.359,0.472,94.812,11,4,289.0,1
62,Suffocate - Superclean,0.458,0.445,-8.391,0,0.361,0.64,0.0,0.118,0.447,82.82,9,5,220.053,1
63,Let It Rock,0.607,0.7809999999999999,-4.276,1,0.0407,0.00106,0.0,0.0769,0.482,113.183,7,4,231.173,1
64,Get Me Some Of That,0.5489999999999999,0.866,-5.306,1,0.0476,0.0733,0.0,0.25,0.767,87.964,6,4,187.4,1
65,Realize,0.6990000000000001,0.607,-6.312,1,0.0347,0.142,0.0,0.105,0.156,123.95,1,4,244.107,1
66,Put Your Records On,0.7390000000000001,0.511,-7.8439999999999985,1,0.0362,0.16699999999999998,1.34e-06,0.133,0.542,96.038,9,4,215.36,1
67,(I've Had) The Time of My Life,0.7,0.7809999999999999,-8.255,0,0.0507,0.0874,0.0034200000000000003,0.059,0.385,108.695,6,4,289.067,1
68,Lolli Lolli (Pop That Body) - Explicit Album Version,0.89,0.946,-5.672999999999999,1,0.0489,0.0188,0.000128,0.11,0.872,120.0,2,4,251.373,1
69,Cyclone,0.6409999999999999,0.72,-4.3260000000000005,1,0.0552,0.0102,0.0,0.154,0.578,77.969,11,4,222.02700000000002,1
70,Love Like This,0.767,0.551,-7.3279999999999985,1,0.0616,0.00364,0.0,0.0451,0.7959999999999999,100.904,0,4,275.707,1
71,Burnin' Up,0.667,0.954,-3.462,1,0.0817,0.0296,0.0,0.331,0.807,114.0,2,4,175.093,1
72,Love Lockdown,0.7559999999999999,0.529,-7.659,0,0.0329,0.0539,0.392,0.112,0.123,119.573,1,4,270.307,1
73,I Luv Your Girl,0.6859999999999999,0.322,-9.829,1,0.0386,0.017,0.0,0.125,0.0396,89.958,8,4,267.867,1
74,Crush A Lot,0.92,0.458,-5.643,0,0.315,0.0171,0.0,0.107,0.403,132.99200000000002,5,4,159.755,1
75,Hypnotized,0.608,0.7120000000000001,-5.83,0,0.255,0.322,0.0,0.111,0.705,150.736,4,4,153.112,1
76,Big Girls Don't Cry (Personal),0.7120000000000001,0.647,-4.277,1,0.0336,0.239,0.0,0.0955,0.292,113.116,7,4,268.12,1
77,Lush Life,0.6940000000000001,0.7120000000000001,-3.923,0,0.046,0.133,0.0,0.211,0.799,98.022,7,4,201.122,1
78,Womanizer,0.7240000000000001,0.695,-5.226,1,0.0622,0.073,0.0,0.0889,0.235,139.0,11,4,224.4,1
79,Greatest Love Story,0.6709999999999999,0.617,-8.72,1,0.0561,0.401,0.0,0.119,0.62,147.986,10,4,222.57299999999998,1
80,Just Fine,0.924,0.7709999999999999,-3.552,0,0.0561,0.0334,0.00011,0.119,0.627,123.018,11,4,242.13299999999998,1
81,Piece of Me,0.769,0.638,-5.0539999999999985,1,0.21600000000000005,0.0902,0.0,0.0857,0.782,115.007,11,4,212.107,1
82,"Santa Claus Is Comin' to Town - Live at C.W. Post College, Greenvale, NY - December 1975",0.355,0.6679999999999999,-8.443999999999999,1,0.0482,0.362,1.23e-06,0.727,0.413,139.734,0,4,267.6,1
83,All Summer Long,0.7,0.8640000000000001,-3.629,1,0.0283,0.0212,0.0,0.0956,0.887,102.997,7,4,297.587,1
84,Can't Help But Wait,0.6990000000000001,0.6990000000000001,-5.564,0,0.0737,0.358,0.0,0.0912,0.611,94.977,8,4,206.41299999999998,1
85,Fell In Love With A Girl,0.17800000000000002,0.981,-1.743,0,0.162,0.7040000000000001,7.45e-05,0.8540000000000001,0.369,88.21,4,4,110.09299999999999,1
86,Ruin My Life,0.665,0.6990000000000001,-5.265,1,0.0578,0.423,0.0,0.0969,0.585,124.896,11,4,190.93200000000002,1
87,I Remember (feat. Lil Baby),0.537,0.516,-9.348,1,0.236,0.142,0.0,0.0816,0.24,133.356,0,3,230.4,1
88,Flashing Lights,0.634,0.649,-7.505,0,0.0486,0.0315,0.0,0.482,0.509,90.482,6,4,237.507,1
89,Mrs. Officer,0.916,0.568,-5.358,1,0.13,0.248,0.0,0.081,0.954,112.009,6,5,286.907,1
90,7 Things - Single Version,0.599,0.893,-4.404,0,0.0376,0.018000000000000002,0.0,0.0772,0.591,107.033,1,4,213.453,1
91,You're Gonna Miss This,0.5,0.665,-7.157,1,0.0355,0.0237,6.409999999999999e-05,0.0994,0.32,154.997,8,4,224.96,1
92,Love Remains The Same,0.406,0.632,-5.115,1,0.0344,0.236,0.0,0.18,0.109,149.25799999999995,4,4,249.44,1
93,Feels Like Tonight,0.483,0.907,-3.1660000000000004,1,0.045,0.000822,0.0,0.117,0.35200000000000004,130.984,6,4,238.701,1
94,The Way I Are,0.7340000000000001,0.8079999999999999,-6.448,0,0.106,0.189,0.6990000000000001,0.315,0.805,114.764,3,4,179.12,1
95,Addicted,0.512,0.865,-4.146,1,0.0338,0.0008210000000000001,0.0,0.0982,0.529,138.017,7,4,222.827,1
96,Into the Night (feat. Chad Kroeger),0.595,0.8440000000000001,-4.678,1,0.0331,0.0137,0.0,0.234,0.603,127.981,7,4,222.44,1
97,Heaven Sent,0.5379999999999999,0.728,-3.663,0,0.0524,0.07400000000000001,0.0,0.0776,0.4370000000000001,78.42699999999998,2,4,232.88,1
98,She's Got It All,0.7090000000000001,0.8109999999999999,-6.603,1,0.0323,0.093,1.0800000000000003e-05,0.1,0.735,132.72799999999998,7,4,205.093,1
