,title,danceability,energy,loudness,mode,speechiness,acousticness,instrumentalness,liveness,valence,tempo,key,time_signature,duration_sec
0,Thrift Shop (feat. Wanz),0.7809999999999999,0.526,-6.985,0,0.293,0.0619,0.0,0.0457,0.662,94.992,6,4,235.613
1,Blurred Lines,0.862,0.608,-4.762,1,0.0402,0.00373,6.14e-06,0.0856,0.836,120.00200000000001,7,4,263.827
2,Radioactive,0.44799999999999995,0.784,-3.6860000000000004,1,0.0627,0.106,0.00010800000000000001,0.6679999999999999,0.23600000000000002,136.245,9,4,186.813
3,Harlem Shake,0.452,0.794,-5.151,1,0.0483,0.0111,0.00182,0.41600000000000004,0.282,137.825,0,4,196.664
4,Can't Hold Us - feat. Ray Dalton,0.6409999999999999,0.922,-4.457,1,0.0786,0.0291,0.0,0.0862,0.847,146.078,2,4,258.343
5,Mirrors,0.574,0.512,-6.664,0,0.0503,0.23399999999999999,0.0,0.0946,0.512,76.899,5,4,484.147
6,Just Give Me a Reason (feat. Nate Ruess),0.778,0.547,-7.273,1,0.0489,0.34600000000000003,0.000302,0.132,0.441,95.00200000000001,2,4,242.733
7,When I Was Your Man,0.612,0.28,-8.648,1,0.0434,0.932,0.0,0.08800000000000001,0.387,72.795,0,4,213.827
8,Cruise,0.457,0.948,-3.364,1,0.0354,0.0191,0.0,0.0536,0.878,148.0,10,4,208.96
9,Roar,0.5539999999999999,0.772,-4.821000000000001,0,0.0418,0.00487,6.6e-06,0.354,0.455,179.984,7,4,223.546
10,Locked Out Of Heaven,0.726,0.698,-4.165,1,0.0431,0.049,0.0,0.309,0.867,143.994,5,4,233.478
11,Ho Hey,0.685,0.466,-9.074,1,0.0304,0.794,2.06e-06,0.0915,0.353,79.936,0,4,163.133
12,Stay,0.479,0.46799999999999997,-5.396,1,0.0274,0.414,0.0,0.14800000000000002,0.35,85.913,5,4,204.427
13,Get Lucky,0.81,0.7929999999999999,-9.404,0,0.0403,0.0378,1.82e-06,0.07200000000000001,0.863,116.04899999999999,6,4,369.627
14,Royals,0.616,0.43200000000000005,-9.546,1,0.133,0.106,0.0,0.132,0.302,84.77799999999999,7,4,190.185
15,I Knew You Were Trouble.,0.596,0.473,-6.745,1,0.039,0.00563,1.29e-06,0.043,0.648,154.22799999999998,6,4,217.973
16,We Can't Stop,0.613,0.622,-5.794,0,0.0334,0.00882,0.0,0.37,0.484,80.003,1,4,231.24
17,Wrecking Ball,0.53,0.42200000000000004,-6.2620000000000005,1,0.0342,0.40700000000000003,0.0,0.107,0.349,119.964,5,4,221.36
18,Wake Me Up,0.518,0.784,-5.659,1,0.0524,0.00346,0.00187,0.171,0.588,124.102,2,4,247.427
19,Suit & Tie,0.795,0.596,-3.799,0,0.21899999999999997,0.10300000000000001,0.0,0.16399999999999998,0.35700000000000004,101.985,11,4,326.28
20,Cups (Pitch Perfect’s “When I’m Gone”) - Pop Version,0.871,0.442,-8.766,1,0.0958,0.052000000000000005,0.008190000000000001,0.0381,0.769,129.964,0,4,128.013
21,Holy Grail,0.735,0.484,-5.322,0,0.0513,0.263,0.0,0.364,0.0616,145.069,2,4,238.989
22,Scream & Shout,0.772,0.685,-6.849,1,0.0696,0.019,8.96e-05,0.131,0.501,130.033,5,4,283.4
23,Clarity,0.509,0.7809999999999999,-3.48,1,0.07200000000000001,0.0398,0.0,0.0749,0.17600000000000002,128.0,8,4,271.427
24,Sail,0.825,0.435,-9.582,1,0.0568,0.452,0.609,0.0953,0.243,119.038,1,4,259.102
25,Don't You Worry Child - Radio Edit,0.612,0.84,-3.145,0,0.0509,0.11199999999999999,0.0,0.11599999999999999,0.43799999999999994,129.042,11,4,212.862
26,Diamonds or Twine,0.621,0.568,-8.795,1,0.0311,0.145,1.65e-06,0.10800000000000001,0.7240000000000001,148.047,2,4,211.085
27,I Love It (& Lil Pump),0.9009999999999999,0.522,-8.304,1,0.33,0.0114,0.0,0.259,0.32899999999999996,104.053,2,4,127.947
28,Safe And Sound,0.6559999999999999,0.821,-4.838,1,0.0325,0.000194,0.00232,0.10099999999999999,0.7909999999999999,117.948,0,5,192.79
29,Treasure,0.8740000000000001,0.6920000000000001,-5.28,0,0.0431,0.0412,7.240000000000001e-05,0.324,0.937,116.01700000000001,5,4,178.56
30,The Way Life Goes (feat. Oh Wonder),0.703,0.757,-3.612,1,0.05,0.617,0.0,0.106,0.696,82.008,1,4,221.747
31,Started From the Bottom,0.794,0.522,-7.829,1,0.159,0.0328,0.0,0.156,0.5670000000000001,86.318,8,4,174.133
32,Come And Get It,0.565,0.987,-4.012,1,0.0698,0.000146,5.81e-06,0.392,0.413,107.954,4,4,181.427
33,"Hold On, We're Going Home",0.7759999999999999,0.413,-7.438,0,0.0952,0.00415,2.68e-05,0.0724,0.287,100.00299999999999,6,4,227.88
34,Daylight,0.363,0.802,-4.881,1,0.0394,0.0976,0.000356,0.16699999999999998,0.65,101.31,9,4,171.333
35,Feel This Moment,0.6729999999999999,0.758,-3.6319999999999997,1,0.158,0.039,0.0,0.341,0.542,135.95600000000002,7,4,229.507
36,Applause,0.669,0.78,-4.287,0,0.053,0.0265,1.63e-06,0.14300000000000002,0.738,139.945,7,4,212.333
37,One More Night,0.71,0.8,-3.4389999999999996,0,0.0339,0.0563,0.0,0.0834,0.635,93.01,5,4,219.467
38,Let Me Love You,0.6559999999999999,0.578,-8.97,0,0.0922,0.235,0.0,0.11800000000000001,0.556,94.514,7,4,256.733
39,My Songs Know What You Did In The Dark (Light Em Up),0.5579999999999999,0.924,-4.341,0,0.064,0.0271,3.32e-06,0.537,0.5670000000000001,151.99,9,4,186.827
40,"F**kin' Problems (feat. Drake, 2 Chainz & Kendrick Lamar)",0.8690000000000001,0.687,-6.816,1,0.263,0.0208,1e-06,0.114,0.6679999999999999,96.006,1,4,233.787
41,Beauty And A Beat,0.601,0.843,-4.87,1,0.0593,0.000704,5.27e-05,0.0681,0.534,128.002,0,4,227.987
42,Same Old Love,0.672,0.593,-4.01,0,0.0304,0.0223,0.0,0.214,0.43799999999999994,98.02,11,4,229.08
43,Sweet Nothing (feat. Florence Welch),0.573,0.929,-3.9419999999999997,0,0.109,0.19699999999999998,0.00011200000000000001,0.0567,0.5820000000000001,127.934,8,4,212.56
44,Summertime Sadness,0.565,0.654,-6.8260000000000005,0,0.0335,0.0542,1.8000000000000001e-06,0.122,0.235,111.96799999999999,1,4,265.427
45,Home,0.604,0.736,-5.596,0,0.0555,0.0060799999999999995,0.109,0.11,0.345,118.012,10,4,211.36
46,It's the Most Wonderful Time of the Year,0.24,0.598,-8.435,1,0.037000000000000005,0.7659999999999999,0.0,0.11699999999999999,0.7759999999999999,202.082,7,3,151.933
47,Power Trip,0.667,0.61,-7.053999999999999,1,0.217,0.322,0.00020299999999999997,0.426,0.465,99.991,1,4,241.16
48,Girl On Fire,0.48200000000000004,0.706,-5.7620000000000005,1,0.0609,0.135,0.00106,0.105,0.14400000000000002,92.494,9,4,224.92
49,Heart Attack,0.504,0.785,-4.802,1,0.10400000000000001,0.0738,0.0,0.239,0.502,173.968,8,4,210.84
50,Somebody To Love - Remastered 2011,0.49200000000000005,0.6759999999999999,-6.861000000000001,1,0.0516,0.172,0.0,0.239,0.41200000000000003,110.23200000000001,8,3,296.493
51,I Will Wait,0.48100000000000004,0.7659999999999999,-5.207999999999999,1,0.0334,0.0103,0.0067,0.302,0.436,131.143,1,4,276.72
52,Try Me,0.466,0.672,-5.777,0,0.068,0.622,0.00108,0.147,0.10800000000000001,91.67299999999999,8,4,221.107
53,Wagon Wheel,0.529,0.6629999999999999,-7.138,1,0.0306,0.456,0.0,0.142,0.5920000000000001,148.102,9,4,298.4
54,Gangnam Style (강남스타일),0.736,0.9390000000000001,-2.812,0,0.284,0.0055,0.0,0.0905,0.7609999999999999,132.07,11,4,219.493
55,I Need Your Love (feat. Ellie Goulding),0.695,0.8690000000000001,-5.066,1,0.0483,0.41,0.0,0.237,0.58,124.98899999999999,8,4,234.507
56,Die Young,0.688,0.642,-5.567,0,0.321,0.221,0.0,0.2,0.341,160.319,4,4,161.129
57,Some Nights,0.672,0.738,-7.045,1,0.0506,0.0178,6.75e-05,0.0927,0.392,107.93799999999999,0,4,277.04
58,Going Bad (feat. Drake),0.889,0.496,-6.365,0,0.0905,0.259,0.0,0.252,0.544,86.00299999999999,4,4,180.522
59,Boys 'Round Here (feat. Pistol Annies & Friends),0.611,0.688,-6.369,1,0.0529,0.251,2.35e-06,0.248,0.649,169.895,2,4,288.76
60,Since U Been Gone,0.662,0.741,-5.406000000000001,1,0.0334,0.00165,0.0303,0.114,0.40399999999999997,131.0,0,4,188.96
61,Demons and Angels (feat. Juice WRLD),0.81,0.55,-7.46,0,0.17,0.0114,5.69e-06,0.107,0.183,76.503,2,4,214.593
62,Counting Stars,0.664,0.705,-4.9719999999999995,0,0.0382,0.0654,0.0,0.115,0.47700000000000004,122.01700000000001,1,4,257.84
63,Before I Cry,0.48,0.56,-5.196000000000001,1,0.0373,0.157,0.0,0.168,0.16699999999999998,146.41,2,3,258.547
64,Little Talks,0.46,0.7859999999999999,-5.2379999999999995,1,0.038,0.0215,0.0,0.133,0.408,103.19200000000001,1,4,266.6
65,The Other Side,0.638,0.795,-8.45,1,0.302,0.00433,0.00139,0.153,0.31,153.99,0,4,214.373
66,Berzerk,0.7390000000000001,0.872,-4.059,0,0.33299999999999996,0.0217,0.0,0.26,0.684,95.084,11,4,238.746
67,Catch My Breath,0.6920000000000001,0.9079999999999999,-5.364,1,0.0677,0.0251,0.0,0.0933,0.513,124.042,9,4,250.387
68,Play It Again,0.51,0.898,-3.15,1,0.0696,0.0832,0.0,0.071,0.596,144.056,11,4,226.867
69,Pour It Up,0.782,0.495,-8.722999999999999,1,0.0436,0.021,0.0,0.10400000000000001,0.365,134.016,2,4,161.2
70,22,0.664,0.7390000000000001,-6.539,1,0.0377,0.0027,0.0027300000000000002,0.0742,0.703,104.012,7,4,230.133
71,I Want Crazy - Encore,0.562,0.878,-4.806,1,0.0387,0.0539,0.0,0.11199999999999999,0.5579999999999999,103.029,8,4,236.865
72,Fox On The Run,0.523,0.762,-8.669,1,0.0346,0.0308,0.0,0.0675,0.8809999999999999,128.064,4,4,205.733
73,Best Song Ever,0.652,0.877,-2.986,1,0.0465,0.0227,0.0,0.0789,0.486,118.491,1,4,200.107
74,The A Team,0.642,0.289,-9.918,1,0.0367,0.669,0.0,0.18,0.40700000000000003,84.99600000000001,9,4,258.373
75,Carry On,0.735,0.19699999999999998,-13.378,0,0.537,0.768,0.000276,0.29600000000000004,0.38299999999999995,147.899,3,4,129.72
76,Highway Don't Care,0.47,0.79,-5.352,1,0.039,0.0216,0.0,0.0863,0.495,158.061,2,4,276.88
77,That's My Kind Of Night,0.66,0.754,-2.84,0,0.051,0.0626,0.0,0.1,0.899,110.02,4,4,190.187
78,Swimming Pools (Drank),0.5770000000000001,0.447,-5.892,1,0.27699999999999997,0.00627,0.00022,0.0899,0.18899999999999997,74.236,8,4,247.8
79,Sure Be Cool If You Did,0.5760000000000001,0.726,-4.625,1,0.035,0.255,0.0,0.10800000000000001,0.5820000000000001,136.80200000000002,11,4,215.72
80,Beautiful (feat. Camila Cabello),0.638,0.7170000000000001,-4.7219999999999995,1,0.0337,0.34600000000000003,0.0,0.105,0.249,100.027,2,4,180.0
81,Troublemaker (feat. Flo Rida),0.7609999999999999,0.856,-3.65,0,0.0731,0.02,0.0,0.149,0.9670000000000001,106.009,0,4,185.2
82,Body Party,0.5770000000000001,0.5760000000000001,-6.2989999999999995,1,0.0563,0.0143,0.0,0.602,0.12,133.97299999999998,2,4,234.04
83,Adorn,0.625,0.5760000000000001,-5.693,0,0.175,0.0543,4.07e-05,0.187,0.235,179.063,11,4,193.147
84,Hall of Fame,0.42100000000000004,0.873,-4.343,1,0.0565,0.0653,0.0,0.12300000000000001,0.63,84.803,10,4,202.533
85,Let Me Love You (Until You Learn To Love Yourself),0.491,0.6759999999999999,-6.631,1,0.0403,0.262,0.0,0.499,0.278,124.852,5,4,251.627
86,"U.O.E.N.O. (feat. Rick Ross, Future)",0.42200000000000004,0.6409999999999999,-4.947,0,0.32299999999999995,0.42200000000000004,0.0,0.317,0.654,187.02700000000002,10,3,260.276
87,Sit Next to Me,0.638,0.738,-4.976,0,0.0292,0.11699999999999999,0.000384,0.6890000000000001,0.657,97.021,6,4,243.147
88,Mama's Broken Heart,0.768,0.809,-4.204,0,0.0616,0.278,0.0,0.139,0.748,111.98899999999999,4,4,177.773
89,It Goes Like This,0.5429999999999999,0.8370000000000001,-6.4479999999999995,1,0.0608,0.11699999999999999,0.0,0.0872,0.506,168.05599999999998,11,4,186.08
90,Bugatti,0.607,0.589,-4.928999999999999,1,0.0542,0.0168,0.0,0.0855,0.069,130.431,1,4,269.267
91,Wanted You (feat. Lil Uzi Vert),0.7929999999999999,0.718,-4.966,0,0.0547,0.168,0.0,0.24100000000000002,0.649,146.885,9,4,228.08
92,Downtown,0.775,0.679,-4.985,0,0.135,0.18,7.26e-05,0.068,0.619,166.00799999999998,4,4,193.456
93,Get Your Shine On,0.49700000000000005,0.927,-4.52,1,0.0371,0.00286,1.26e-06,0.413,0.607,96.991,0,4,222.013
94,#thatPOWER,0.797,0.608,-6.096,0,0.0583,0.00112,7.659999999999999e-05,0.0748,0.40299999999999997,128.0,6,4,279.507
95,Brave,0.551,0.836,-3.838,0,0.0524,0.00502,2.1e-05,0.0425,0.758,185.063,10,4,220.573
96,Let Her Go,0.479,0.545,-7.346,1,0.0688,0.365,0.0,0.0963,0.244,74.89699999999999,7,4,252.733
97,Runnin' Outta Moonlight,0.526,0.8009999999999999,-3.717,1,0.0393,0.0354,3.17e-06,0.0637,0.769,172.024,2,4,193.773
98,I'm Different,0.9359999999999999,0.7020000000000001,-5.305,1,0.0615,0.0473,0.0,0.0838,0.7040000000000001,97.524,10,4,207.04
99,Still Into You,0.602,0.9229999999999999,-3.763,1,0.044000000000000004,0.0098,0.0,0.0561,0.765,136.01,5,4,216.013
