,title,danceability,energy,loudness,mode,speechiness,acousticness,instrumentalness,liveness,valence,tempo,key,time_signature,duration_sec
0,All Time Low,0.584,0.569,-4.2589999999999995,1,0.166,0.0508,0.0,0.0924,0.501,89.779,0,4,217.603
1,Bleeding Love,0.638,0.6559999999999999,-5.886,1,0.0357,0.188,0.0,0.146,0.225,104.036,5,4,262.467
2,No One Compares To You,0.703,0.748,-6.047000000000001,1,0.0435,0.12300000000000001,0.0,0.0642,0.625,111.943,1,4,184.08
3,Lollipop,0.828,0.433,-9.716000000000001,1,0.19899999999999998,0.0656,0.0008759999999999999,0.122,0.44,148.07299999999998,0,4,299.333
4,Apologize,0.591,0.718,-6.025,1,0.0368,0.348,0.000118,0.107,0.46799999999999997,117.995,8,4,208.107
5,No Air (feat. Chris Brown),0.466,0.759,-4.978,0,0.19899999999999998,0.0521,0.0,0.0587,0.32799999999999996,160.033,8,4,264.373
6,Another Sad Love Song,0.8340000000000001,0.47200000000000003,-7.777,0,0.0873,0.41200000000000003,6.759999999999999e-05,0.0836,0.517,107.014,5,4,244.747
7,Love in This Club (feat. Young Jeezy),0.573,0.7120000000000001,-5.976,1,0.0732,0.0572,0.0,0.16699999999999998,0.34600000000000003,140.012,0,4,259.72
8,Home with You,0.631,0.599,-6.1370000000000005,0,0.0878,0.067,0.0,0.0952,0.727,170.122,7,4,190.576
9,Forever,0.544,0.92,-1.474,0,0.27699999999999997,0.244,0.0,0.19,0.519,105.307,5,5,357.347
10,Sexy Can I feat. Yung Berg,0.575,0.684,-6.007000000000001,1,0.325,0.299,0.0,0.614,0.9259999999999999,172.155,1,4,204.04
11,Take A Bow,0.6970000000000001,0.467,-7.5360000000000005,1,0.0715,0.248,0.0,0.0941,0.5720000000000001,82.081,9,4,229.413
12,Viva La Vida,0.485,0.619,-7.115,0,0.0289,0.0941,3.31e-06,0.109,0.41600000000000004,138.017,5,4,242.373
13,I Kissed A Girl,0.6990000000000001,0.76,-3.173,1,0.0677,0.00223,0.0,0.132,0.696,129.996,5,4,179.64
14,Whatever You Like,0.68,0.687,-6.162000000000001,0,0.0709,0.0161,0.0,0.261,0.467,150.053,9,4,249.533
15,Disturbia,0.7070000000000001,0.813,-4.515,0,0.0571,0.0863,0.0,0.168,0.722,124.921,11,4,238.627
16,Don't Stop The Music,0.835,0.669,-5.582000000000001,0,0.0643,0.0336,6.92e-05,0.0535,0.542,122.66799999999999,6,4,267.08
17,Pocketful of Sunshine,0.721,0.88,-3.8960000000000004,0,0.0454,0.191,0.0,0.0769,0.655,110.021,9,4,202.907
18,Kiss and Make Up,0.6779999999999999,0.7290000000000001,-4.188,1,0.13699999999999998,0.0658,0.0,0.303,0.643,99.895,8,4,189.173
19,Closer,0.748,0.524,-5.599,1,0.0338,0.414,0.0,0.111,0.6609999999999999,95.01,8,4,244.96
20,Bubbly,0.664,0.491,-6.544,1,0.042,0.594,0.0,0.11,0.24,127.97,9,4,196.28
21,Touch My Body,0.716,0.6659999999999999,-7.718999999999999,0,0.0539,0.129,0.0,0.25,0.8640000000000001,78.498,4,4,204.733
22,4 Minutes (feat. Justin Timberlake & Timbaland),0.753,0.9309999999999999,-4.922,1,0.0652,0.009940000000000001,0.006959999999999999,0.23399999999999999,0.767,113.029,2,4,189.693
23,what are you so afraid of,0.639,0.312,-9.902000000000001,1,0.0301,0.774,0.469,0.0857,0.34700000000000003,103.369,0,4,150.769
24,Paralyzer,0.645,0.941,-3.425,0,0.0448,0.16899999999999998,0.0,0.251,0.8809999999999999,106.015,4,4,208.107
25,Clumsy,0.728,0.5820000000000001,-4.141,1,0.158,0.196,0.0006320000000000001,0.304,0.41700000000000004,184.045,2,4,240.427
26,I'm Yours,0.6859999999999999,0.457,-8.322000000000001,1,0.0468,0.595,0.0,0.105,0.718,150.953,11,4,242.187
27,Leavin',0.693,0.7090000000000001,-5.787000000000001,1,0.0608,0.0352,3.4e-06,0.0688,0.889,79.237,9,4,216.88
28,Armed And Dangerous,0.736,0.67,-6.702000000000001,1,0.311,0.18600000000000003,0.0,0.114,0.845,130.032,10,4,169.999
29,Start Me Up - Remastered,0.638,0.9279999999999999,-4.078,1,0.0388,0.0531,0.11,0.0875,0.966,122.428,5,4,213.067
30,See You Again,0.5579999999999999,0.5589999999999999,-9.222000000000001,1,0.0959,0.371,7.49e-06,0.109,0.62,78.558,6,4,180.387
31,Shake It Up,0.7759999999999999,0.608,-6.478,0,0.10400000000000001,0.128,0.0,0.0932,0.402,156.025,10,4,116.681
32,Stop And Stare,0.49,0.8490000000000001,-4.234,1,0.035,0.0593,0.0,0.08199999999999999,0.303,92.494,4,4,223.853
33,I'll Take You There,0.8440000000000001,0.597,-8.618,1,0.0482,0.09699999999999999,0.0,0.0777,0.795,101.67399999999999,0,4,196.827
34,Paper Planes,0.457,0.8540000000000001,-6.2,1,0.265,0.0277,9.620000000000001e-05,0.731,0.485,172.231,2,4,203.76
35,Hot N Cold,0.706,0.841,-3.9560000000000004,1,0.0418,7.950000000000001e-05,0.0,0.0688,0.861,132.032,7,4,220.227
36,Live Your Life (feat. Rihanna),0.375,0.862,-3.363,0,0.255,0.071,0.0,0.21100000000000002,0.478,159.841,11,4,338.853
37,Bust It Baby Part 2 (feat. Ne-Yo ),0.648,0.8009999999999999,-7.24,0,0.16699999999999998,0.154,0.0,0.33899999999999997,0.807,78.946,5,4,240.76
38,American Boy,0.727,0.7290000000000001,-2.99,1,0.326,0.171,0.0,0.07,0.512,117.932,0,4,284.733
39,Got Money,0.442,0.638,-5.053,1,0.26,0.00199,0.0,0.6459999999999999,0.706,82.206,7,4,244.627
40,Our Song,0.5429999999999999,0.6859999999999999,-4.751,1,0.0357,0.114,0.0,0.335,0.555,177.87400000000002,2,4,201.107
41,Damaged,0.774,0.653,-5.1579999999999995,0,0.05,0.0912,0.0,0.151,0.818,120.01,8,4,244.267
42,A Milli,0.679,0.684,-8.559,1,0.278,0.0527,0.000895,0.177,0.755,151.748,6,4,221.84
43,Sorry Not Sorry,0.7020000000000001,0.635,-6.917000000000001,0,0.265,0.0223,0.0,0.28300000000000003,0.873,144.004,11,4,203.76
44,Miss Independent,0.6729999999999999,0.6829999999999999,-5.693,1,0.115,0.522,0.0,0.235,0.713,171.86,1,4,232.0
45,Can't Believe It,0.578,0.546,-8.149,0,0.0552,0.0024,0.0,0.0908,0.0819,120.818,10,5,275.933
46,Like You'll Never See Me Again,0.562,0.6579999999999999,-8.072000000000001,1,0.0314,0.174,0.000285,0.102,0.268,127.81,7,4,315.36
47,Teardrops On My Guitar - Radio Single Remix,0.617,0.42200000000000004,-6.794,1,0.0239,0.303,0.0,0.12300000000000001,0.264,99.96600000000001,10,4,203.04
48,When I Grow Up (feat. Wiz Khalifa),0.642,0.655,-5.222,0,0.0489,0.0268,0.0,0.11199999999999999,0.156,80.997,1,4,195.507
49,Sensual Seduction,0.7559999999999999,0.8340000000000001,-4.005,1,0.077,0.00446,2.7600000000000003e-05,0.0645,0.465,120.214,11,4,245.52
50,Don't Know What You Got (Till It's Gone),0.36,0.527,-9.883,1,0.0289,0.22899999999999998,0.000792,0.0536,0.247,132.639,9,4,354.64
51,It's Not My Time,0.532,0.935,-4.798,1,0.0619,0.00133,8.37e-06,0.106,0.309,128.025,0,4,241.96
52,Better in Time,0.584,0.7,-4.251,1,0.0506,0.512,2.4299999999999998e-05,0.13,0.5489999999999999,163.953,6,4,234.173
53,Crank That (Soulja Boy),0.732,0.7240000000000001,-2.104,1,0.10099999999999999,0.511,0.0,0.0491,0.8079999999999999,140.13,0,4,221.933
54,Shadow Of The Day,0.534,0.39299999999999996,-7.813,1,0.0292,0.00479,0.0107,0.107,0.0641,110.007,11,4,290.36
55,Sweetest Girl (Dollar Bill),0.733,0.7440000000000001,-3.51,1,0.0553,0.0772,0.0,0.341,0.529,92.515,1,4,241.133
57,Fall For You,0.387,0.442,-7.086,1,0.0352,0.19,0.0,0.0788,0.382,169.481,0,4,185.6
58,In the Ayer (feat. will.I.am),0.83,0.746,-6.2860000000000005,0,0.0579,0.00456,0.0,0.26,0.6459999999999999,125.992,5,4,220.507
59,CAN'T SAY,0.7020000000000001,0.708,-5.3660000000000005,0,0.0547,0.201,0.0,0.11800000000000001,0.713,147.98,10,4,198.408
60,I Just Want To Dance With You,0.7190000000000001,0.46399999999999997,-8.562999999999999,1,0.0276,0.45399999999999996,9.1e-05,0.102,0.531,113.955,0,4,210.867
61,Hate That I Love You,0.637,0.73,-5.38,0,0.0874,0.32299999999999995,0.0,0.0981,0.732,93.867,5,4,218.947
62,Superstar (feat. Matthew Santos),0.5720000000000001,0.8220000000000001,-6.015,0,0.361,0.207,0.0,0.359,0.47200000000000003,94.81200000000001,11,4,289.0
63,Suffocate - Superclean,0.45799999999999996,0.445,-8.391,0,0.361,0.64,0.0,0.11800000000000001,0.447,82.82,9,5,220.053
64,Let It Rock,0.607,0.7809999999999999,-4.276,1,0.0407,0.00106,0.0,0.0769,0.48200000000000004,113.18299999999999,7,4,231.173
65,Get Me Some Of That,0.5489999999999999,0.866,-5.306,1,0.0476,0.0733,0.0,0.25,0.767,87.964,6,4,187.4
66,Realize,0.6990000000000001,0.607,-6.312,1,0.0347,0.142,0.0,0.105,0.156,123.95,1,4,244.107
67,Put Your Records On,0.7390000000000001,0.511,-7.843999999999999,1,0.0362,0.16699999999999998,1.34e-06,0.133,0.542,96.038,9,4,215.36
68,(I've Had) The Time of My Life,0.7,0.7809999999999999,-8.255,0,0.0507,0.0874,0.0034200000000000003,0.059000000000000004,0.385,108.695,6,4,289.067
69,Lolli Lolli (Pop That Body) - Explicit Album Version,0.89,0.946,-5.672999999999999,1,0.0489,0.0188,0.000128,0.11,0.872,120.0,2,4,251.373
70,Cyclone,0.6409999999999999,0.72,-4.3260000000000005,1,0.0552,0.0102,0.0,0.154,0.578,77.969,11,4,222.027
71,Love Like This,0.767,0.551,-7.327999999999999,1,0.0616,0.00364,0.0,0.0451,0.7959999999999999,100.904,0,4,275.707
72,Burnin' Up,0.667,0.9540000000000001,-3.4619999999999997,1,0.0817,0.0296,0.0,0.331,0.807,114.0,2,4,175.093
73,Love Lockdown,0.7559999999999999,0.529,-7.659,0,0.0329,0.0539,0.392,0.11199999999999999,0.12300000000000001,119.573,1,4,270.307
74,I Luv Your Girl,0.6859999999999999,0.322,-9.829,1,0.0386,0.017,0.0,0.125,0.0396,89.958,8,4,267.867
75,Crush A Lot,0.92,0.45799999999999996,-5.643,0,0.315,0.0171,0.0,0.107,0.40299999999999997,132.99200000000002,5,4,159.755
76,Hypnotized,0.608,0.7120000000000001,-5.83,0,0.255,0.322,0.0,0.111,0.705,150.736,4,4,153.112
77,Big Girls Don't Cry (Personal),0.7120000000000001,0.647,-4.277,1,0.0336,0.239,0.0,0.0955,0.292,113.116,7,4,268.12
78,Lush Life,0.6940000000000001,0.7120000000000001,-3.923,0,0.046,0.133,0.0,0.21100000000000002,0.799,98.022,7,4,201.122
79,Womanizer,0.7240000000000001,0.695,-5.226,1,0.0622,0.073,0.0,0.0889,0.235,139.0,11,4,224.4
80,Greatest Love Story,0.6709999999999999,0.617,-8.72,1,0.0561,0.401,0.0,0.11900000000000001,0.62,147.986,10,4,222.573
81,Just Fine,0.924,0.7709999999999999,-3.552,0,0.0561,0.0334,0.00011,0.11900000000000001,0.627,123.01799999999999,11,4,242.133
82,Piece of Me,0.769,0.638,-5.053999999999999,1,0.21600000000000003,0.0902,0.0,0.0857,0.782,115.007,11,4,212.107
83,"Santa Claus Is Comin' to Town - Live at C.W. Post College, Greenvale, NY - December 1975",0.355,0.6679999999999999,-8.443999999999999,1,0.0482,0.36200000000000004,1.23e-06,0.727,0.413,139.734,0,4,267.6
84,All Summer Long,0.7,0.8640000000000001,-3.6289999999999996,1,0.0283,0.0212,0.0,0.0956,0.887,102.99700000000001,7,4,297.587
85,Can't Help But Wait,0.6990000000000001,0.6990000000000001,-5.564,0,0.0737,0.358,0.0,0.0912,0.611,94.977,8,4,206.413
86,Fell In Love With A Girl,0.17800000000000002,0.981,-1.743,0,0.162,0.7040000000000001,7.45e-05,0.8540000000000001,0.369,88.21,4,4,110.093
87,Ruin My Life,0.665,0.6990000000000001,-5.265,1,0.0578,0.423,0.0,0.0969,0.585,124.896,11,4,190.932
88,I Remember (feat. Lil Baby),0.537,0.516,-9.347999999999999,1,0.23600000000000002,0.142,0.0,0.0816,0.24,133.356,0,3,230.4
89,Flashing Lights,0.634,0.649,-7.505,0,0.0486,0.0315,0.0,0.48200000000000004,0.509,90.48200000000001,6,4,237.507
90,Mrs. Officer,0.9159999999999999,0.568,-5.358,1,0.13,0.248,0.0,0.081,0.9540000000000001,112.009,6,5,286.907
91,7 Things - Single Version,0.599,0.893,-4.404,0,0.0376,0.018000000000000002,0.0,0.0772,0.591,107.03299999999999,1,4,213.453
92,You're Gonna Miss This,0.5,0.665,-7.157,1,0.0355,0.0237,6.409999999999999e-05,0.0994,0.32,154.997,8,4,224.96
93,Love Remains The Same,0.406,0.632,-5.115,1,0.0344,0.23600000000000002,0.0,0.18,0.109,149.25799999999998,4,4,249.44
94,Feels Like Tonight,0.483,0.907,-3.1660000000000004,1,0.045,0.000822,0.0,0.11699999999999999,0.35200000000000004,130.984,6,4,238.701
95,The Way I Are,0.7340000000000001,0.8079999999999999,-6.4479999999999995,0,0.106,0.18899999999999997,0.6990000000000001,0.315,0.805,114.764,3,4,179.12
96,Addicted,0.512,0.865,-4.146,1,0.0338,0.0008210000000000001,0.0,0.0982,0.529,138.017,7,4,222.827
97,Into the Night (feat. Chad Kroeger),0.595,0.8440000000000001,-4.678,1,0.0331,0.0137,0.0,0.23399999999999999,0.603,127.98100000000001,7,4,222.44
98,Heaven Sent,0.5379999999999999,0.728,-3.6630000000000003,0,0.0524,0.07400000000000001,0.0,0.0776,0.43700000000000006,78.42699999999999,2,4,232.88
99,She's Got It All,0.7090000000000001,0.8109999999999999,-6.603,1,0.0323,0.09300000000000001,1.0800000000000002e-05,0.1,0.735,132.72799999999998,7,4,205.093
