,title,danceability,energy,loudness,mode,speechiness,acousticness,instrumentalness,liveness,valence,tempo,key,time_signature,duration_sec,hit
0,God's Plan,0.754,0.449,-9.211,1,0.109,0.0332,8.290000000000001e-05,0.552,0.35700000000000004,77.169,7,4,198.973,1
1,Perfect,0.599,0.44799999999999995,-6.312,1,0.0232,0.163,0.0,0.106,0.168,95.05,8,3,263.4,1
2,Meant to Be (feat. Florida Georgia Line),0.643,0.7829999999999999,-6.457999999999999,1,0.0856,0.047,0.0,0.083,0.579,154.084,10,4,163.87,1
3,Havana,0.765,0.523,-4.333,1,0.03,0.184,3.5600000000000005e-05,0.132,0.39399999999999996,104.988,2,4,217.307,1
4,rockstar (feat. 21 Savage),0.5870000000000001,0.535,-6.09,0,0.0898,0.11699999999999999,6.56e-05,0.131,0.14,159.847,5,4,218.147,1
5,SICKO MODE,0.8340000000000001,0.73,-3.714,1,0.222,0.00513,0.0,0.124,0.446,155.00799999999998,8,4,312.82,1
6,I Like It,0.816,0.726,-3.998,0,0.129,0.099,0.0,0.37200000000000005,0.65,136.048,5,4,253.39,1
7,The Middle,0.753,0.657,-3.0610000000000004,1,0.0449,0.171,0.0,0.11199999999999999,0.43700000000000006,107.01,7,4,184.732,1
8,In My Feelings,0.835,0.626,-5.832999999999999,1,0.125,0.0589,5.9999999999999995e-05,0.396,0.35,91.03,1,4,217.925,1
9,Girls Like You (feat. Cardi B),0.851,0.541,-6.825,1,0.0505,0.568,0.0,0.13,0.44799999999999995,124.959,0,4,235.545,1
10,Nice For What,0.586,0.909,-6.474,1,0.0705,0.0891,0.000109,0.11900000000000001,0.757,93.39399999999999,8,4,210.747,1
11,Lucid Dreams,0.511,0.5660000000000001,-7.23,0,0.2,0.349,0.0,0.34,0.218,83.90299999999999,6,4,239.836,1
12,Better Now,0.68,0.563,-5.843,1,0.0454,0.354,0.0,0.136,0.374,145.028,10,4,231.267,1
13,Finesse (Remix) [feat. Cardi B],0.7040000000000001,0.8590000000000001,-4.877,0,0.0996,0.0185,0.0,0.0215,0.9259999999999999,105.115,5,4,217.289,1
14,Boo'd Up,0.561,0.779,-5.107,0,0.0531,0.0862,0.0,0.078,0.235,81.965,10,4,256.064,1
15,New Rules,0.762,0.7,-6.021,0,0.0694,0.0026100000000000003,1.56e-05,0.153,0.608,116.073,9,4,209.32,1
16,SAD!,0.74,0.613,-4.88,1,0.145,0.258,0.00372,0.12300000000000001,0.473,75.023,8,4,166.606,1
17,Never Be the Same,0.637,0.713,-4.333,1,0.0747,0.18100000000000002,0.000637,0.13699999999999998,0.243,129.923,0,4,226.973,1
18,Love Lies (with Normani),0.708,0.648,-5.626,1,0.0449,0.0956,0.0,0.134,0.33799999999999997,143.955,6,4,201.707,1
19,no tears left to cry,0.6990000000000001,0.713,-5.507000000000001,0,0.0594,0.04,3.11e-06,0.294,0.354,121.993,9,4,205.92,1
20,Mine,0.71,0.789,-3.8739999999999997,1,0.0722,0.0161,2.77e-06,0.451,0.7170000000000001,142.929,4,4,131.064,1
21,Thunder,0.605,0.8220000000000001,-4.833,1,0.0438,0.00671,0.134,0.147,0.28800000000000003,167.997,0,4,187.147,1
22,Look Alive (feat. Drake),0.922,0.581,-7.495,1,0.27,0.0010400000000000001,5.8599999999999995e-05,0.105,0.595,140.02200000000002,10,4,181.263,1
23,Delicate,0.75,0.40399999999999997,-10.177999999999999,0,0.0682,0.21600000000000003,0.000357,0.0911,0.0499,95.045,9,4,232.253,1
24,Yes Indeed,0.9640000000000001,0.34600000000000003,-9.309,0,0.53,0.035,0.0,0.10800000000000001,0.562,119.958,5,4,142.273,1
25,all my friends,0.713,0.62,-4.513,1,0.0422,0.171,1.16e-06,0.11800000000000001,0.20600000000000002,130.09,0,4,211.785,1
26,Bad At Love,0.675,0.7509999999999999,-3.5389999999999997,1,0.0296,0.0604,0.0,0.0893,0.612,118.384,0,4,181.279,1
27,Taste (feat. Offset),0.884,0.5589999999999999,-7.442,1,0.12,0.0236,0.0,0.10099999999999999,0.342,97.994,0,4,232.959,1
28,Let You Down,0.6559999999999999,0.721,-5.665,0,0.122,0.298,0.0,0.17300000000000001,0.46799999999999997,148.066,5,4,212.12,1
29,No Limit,0.838,0.7709999999999999,-3.7910000000000004,1,0.244,0.0117,0.0,0.0853,0.405,175.957,1,4,245.387,1
30,"FEFE (feat. Nicki Minaj, Murda Beatz)",0.9309999999999999,0.387,-9.127,1,0.41200000000000003,0.08800000000000001,0.0,0.136,0.376,125.978,1,4,179.405,1
31,Tequila,0.474,0.594,-5.756,1,0.0289,0.0292,0.0,0.133,0.503,86.131,11,4,195.987,1
32,Feel It Still,0.8009999999999999,0.795,-5.115,0,0.0504,0.0417,0.000113,0.0717,0.754,79.028,1,4,163.253,1
33,MotorSport,0.8959999999999999,0.515,-5.395,1,0.183,0.0338,0.0,0.317,0.174,138.016,2,4,303.077,1
34,I Like Me Better,0.752,0.505,-7.621,1,0.253,0.535,2.55e-06,0.10400000000000001,0.419,91.97,9,4,197.437,1
35,Youngblood,0.596,0.8540000000000001,-5.114,0,0.46299999999999997,0.0169,0.0,0.124,0.152,120.274,7,4,203.418,1
36,Whatever It Takes,0.672,0.655,-5.021,0,0.0311,0.0362,0.0,0.11699999999999999,0.556,134.945,10,4,201.24,1
37,Ric Flair Drip (& Metro Boomin),0.88,0.428,-8.28,1,0.20600000000000002,0.149,5.07e-05,0.114,0.33299999999999996,100.007,9,4,172.8,1
38,I Fall Apart,0.556,0.5379999999999999,-5.4079999999999995,0,0.0382,0.0689,0.0,0.196,0.29100000000000004,143.95,8,4,223.347,1
39,Pray For Me (with Kendrick Lamar),0.735,0.677,-4.979,1,0.09300000000000001,0.0762,2.17e-05,0.111,0.188,100.584,2,4,211.44,1
40,Back To You - From 13 Reasons Why – Season 2 Soundtrack,0.601,0.7240000000000001,-4.856,1,0.0486,0.0945,1.68e-06,0.12,0.508,102.061,6,4,207.905,1
42,Walk It Talk It,0.909,0.628,-5.456,1,0.201,0.0739,0.0,0.10800000000000001,0.406,145.905,2,4,276.147,1
43,Gucci Gang,0.9359999999999999,0.523,-6.71,1,0.0597,0.239,0.0,0.11699999999999999,0.6990000000000001,119.889,5,4,124.056,1
44,Him & I (with Halsey),0.589,0.731,-6.343,1,0.0868,0.0534,0.0,0.308,0.191,87.90799999999999,2,4,268.867,1
45,In My Blood,0.622,0.7120000000000001,-7.321000000000001,1,0.066,0.0573,0.0,0.13,0.48700000000000004,140.025,5,4,211.36,1
46,All The Stars (with SZA),0.698,0.633,-4.946000000000001,1,0.0597,0.0605,0.000194,0.0926,0.552,96.92399999999999,8,4,232.187,1
47,Stir Fry,0.815,0.816,-5.474,1,0.26899999999999996,0.00299,0.0,0.159,0.498,181.967,2,4,190.288,1
48,Too Good At Goodbyes,0.6609999999999999,0.373,-8.249,1,0.0505,0.615,0.0,0.177,0.523,91.5,5,4,201.0,1
49,Fuck Love (feat. Trippie Redd),0.797,0.5329999999999999,-9.74,0,0.0412,0.0172,0.000152,0.10300000000000001,0.32899999999999996,131.036,0,4,146.52,1
50,This Is America,0.8540000000000001,0.46299999999999997,-6.159,1,0.13699999999999998,0.11699999999999999,0.0,0.354,0.5489999999999999,120.024,5,4,225.773,1
51,Nonstop,0.912,0.41200000000000003,-8.074,1,0.124,0.0164,0.013000000000000001,0.10400000000000001,0.42200000000000004,154.983,7,4,238.614,1
52,Heaven,0.677,0.556,-6.544,1,0.0306,0.263,0.0,0.105,0.521,80.009,9,4,179.507,1
53,Bodak Yellow (Money Moves) - Instrumental Version,0.736,0.762,-7.3,1,0.0468,0.171,0.825,0.21899999999999997,0.91,125.014,9,4,218.581,1
54,Freaky Friday (feat. Chris Brown),0.755,0.599,-5.042,1,0.22399999999999998,0.147,0.0,0.109,0.755,133.123,8,4,216.632,1
55,GUMMO,0.66,0.775,-4.926,1,0.172,0.0553,0.0,0.129,0.635,157.036,2,4,157.643,1
56,Plug Walk,0.8759999999999999,0.519,-6.531000000000001,1,0.14300000000000002,0.20199999999999999,0.0,0.10800000000000001,0.158,94.98100000000001,11,4,175.23,1
57,Wait,0.655,0.603,-5.013999999999999,1,0.0555,0.0959,0.0,0.107,0.452,126.088,8,4,190.643,1
58,Be Careful,0.82,0.568,-8.23,0,0.41100000000000003,0.0256,0.0,0.0952,0.535,152.279,6,4,210.787,1
59,Wolves,0.72,0.807,-4.59,0,0.0432,0.129,0.0,0.183,0.305,124.946,11,4,197.993,1
60,Bartier Cardi (feat. 21 Savage),0.9079999999999999,0.524,-7.955,1,0.18100000000000002,0.0011099999999999999,0.000678,0.38299999999999995,0.109,138.015,1,4,224.285,1
61,God is a woman,0.602,0.6579999999999999,-5.934,1,0.0558,0.0233,5.9999999999999995e-05,0.237,0.268,145.031,1,4,197.547,1
62,"BIG BANK (feat. 2 Chainz, Big Sean, Nicki Minaj)",0.745,0.34600000000000003,-7.709,1,0.331,0.005520000000000001,0.0,0.0881,0.11199999999999999,203.91099999999997,1,4,237.24,1
63,Sorry Not Sorry,0.7020000000000001,0.635,-6.917000000000001,0,0.265,0.0223,0.0,0.28300000000000003,0.873,144.004,11,4,203.76,1
64,How Long,0.845,0.561,-5.252999999999999,0,0.0778,0.21100000000000002,3.49e-06,0.0383,0.8109999999999999,109.97399999999999,1,4,200.853,1
65,Lights Down Low,0.623,0.493,-7.727,0,0.0338,0.0632,0.0,0.10400000000000001,0.594,81.01899999999999,5,4,223.847,1
66,Young Dumb & Broke,0.7979999999999999,0.539,-6.351,1,0.0421,0.19899999999999998,1.66e-05,0.165,0.39399999999999996,136.94899999999998,1,4,202.547,1
67,One Kiss (with Dua Lipa),0.7909999999999999,0.862,-3.24,0,0.11,0.037000000000000005,2.1899999999999997e-05,0.0814,0.5920000000000001,123.994,9,4,214.847,1
68,Natural,0.7040000000000001,0.611,-6.112,1,0.0409,0.217,0.0,0.0812,0.22,100.0,2,4,189.467,1
69,You Make It Easy,0.375,0.574,-5.305,1,0.0315,0.14300000000000002,0.0,0.11,0.406,132.025,7,3,196.8,1
70,Shape of You,0.825,0.652,-3.1830000000000003,0,0.0802,0.581,0.0,0.0931,0.9309999999999999,95.977,1,4,233.713,1
71,I Get The Bag (feat. Migos),0.89,0.633,-5.475,1,0.168,0.0232,0.000343,0.0993,0.425,139.94799999999998,11,4,233.087,1
72,No Brainer,0.552,0.76,-4.706,1,0.342,0.0733,0.0,0.0865,0.639,135.702,0,5,260.0,1
73,Plain Jane,0.797,0.8440000000000001,-5.482,1,0.275,0.0651,0.0,0.087,0.52,170.142,11,4,173.6,1
74,Sky Walker (feat. Travis Scott),0.674,0.506,-10.532,1,0.0434,0.17300000000000001,0.0,0.0866,0.183,145.965,6,4,259.333,1
75,Marry Me,0.588,0.408,-8.662,1,0.0237,0.113,0.0,0.13,0.484,85.008,3,4,205.453,1
76,Eastside (with Halsey & Khalid),0.56,0.68,-7.648,0,0.321,0.555,0.0,0.11599999999999999,0.319,89.391,6,4,173.8,1
77,Call Out My Name,0.449,0.599,-4.8919999999999995,1,0.0369,0.21100000000000002,0.0,0.327,0.165,134.144,1,3,228.373,1
78,"King's Dead (with Kendrick Lamar, Future & James Blake)",0.563,0.7170000000000001,-5.186,1,0.337,0.000874,0.0,0.183,0.42700000000000005,82.064,1,4,229.67,1
79,Happier,0.687,0.792,-2.7489999999999997,1,0.0452,0.191,0.0,0.16699999999999998,0.6709999999999999,100.015,5,4,214.29,1
80,Te Boté - Remix,0.903,0.675,-3.445,0,0.214,0.542,1.28e-05,0.0595,0.442,96.507,11,4,417.92,1
81,Simple,0.375,0.889,-3.7039999999999997,1,0.0991,0.0848,0.0,0.136,0.8809999999999999,199.669,3,4,185.2,1
82,Lemon,0.9159999999999999,0.727,-6.556,1,0.0861,0.00214,0.000145,0.11800000000000001,0.201,94.99700000000001,1,4,219.707,1
83,1-800-273-8255,0.62,0.574,-7.787999999999999,0,0.0479,0.57,0.0,0.19,0.35200000000000004,100.021,5,4,250.173,1
84,Say Something,0.40700000000000003,0.147,-8.822000000000001,1,0.0355,0.857,2.89e-06,0.0913,0.0765,141.284,2,3,229.4,1
85,I'm Upset,0.899,0.586,-7.8660000000000005,0,0.344,0.27899999999999997,0.0,0.0836,0.49200000000000005,150.001,11,4,214.467,1
86,Get Along,0.632,0.804,-6.109,1,0.0503,0.10099999999999999,0.0,0.17,0.35,92.456,7,4,199.625,1
87,Moonlight,0.9209999999999999,0.537,-5.723,0,0.0804,0.556,0.00404,0.102,0.711,128.009,9,4,135.09,1
88,What Lovers Do (feat. SZA),0.799,0.597,-5.131,0,0.0611,0.0788,5.66e-06,0.1,0.419,110.001,5,4,199.849,1
89,X,0.595,0.773,-4.736000000000001,0,0.0549,0.0364,0.00108,0.33399999999999996,0.711,180.07299999999998,9,4,173.628,1
90,Outside Today,0.851,0.6659999999999999,-5.334,0,0.0694,0.139,0.0,0.105,0.0585,134.06799999999998,11,4,129.105,1
91,Trip,0.47700000000000004,0.61,-5.627999999999999,0,0.14400000000000002,0.225,0.0,0.107,0.358,79.882,11,4,213.993,1
92,Dura,0.7909999999999999,0.848,-3.4560000000000004,1,0.0506,0.183,0.0,0.409,0.828,95.0,1,4,200.48,1
93,changes,0.669,0.308,-10.068,1,0.028999999999999998,0.883,0.0,0.0984,0.52,64.934,11,4,121.887,1
94,Mercy,0.638,0.36700000000000005,-7.906000000000001,1,0.0266,0.84,0.0,0.0999,0.21899999999999997,71.957,4,4,217.12,1
95,One Number Away,0.544,0.7809999999999999,-6.16,0,0.0311,0.00585,0.0,0.191,0.527,144.075,6,4,221.8,1
96,Powerglide (feat. Juicy J) - From SR3MM,0.713,0.831,-4.75,0,0.15,0.0168,0.0,0.11800000000000001,0.584,173.94799999999998,1,4,332.301,1
97,IDGAF,0.836,0.544,-5.975,1,0.0943,0.0403,0.0,0.0824,0.51,97.02799999999999,7,4,217.947,1
98,Mi Gente,0.774,0.687,-4.8180000000000005,0,0.0584,0.0179,1.17e-05,0.128,0.308,104.959,11,4,189.44,1
99,Believer,0.7759999999999999,0.78,-4.374,0,0.128,0.0622,0.0,0.081,0.6659999999999999,124.949,10,4,204.347,1
